0.005621316379101668
0.0015646430957033737
0.0015207044660594017
0.0013977795198822608
0.0013832987208269821
0.0013816079585399245
0.0013194278926866045
0.001361088852908378
0.001372082309208434
0.0013959584948330963
0.0013048478770507856
0.001395966706169568
0.0013478098849714036
0.001421793962695769
0.001382598279040787
0.0013771419470581365
0.001391625321853114
0.0013564813757178987
0.001349649100117418
0.0013582450024360135
0.0013436828445860603
0.001356860431712705
0.0013442354247165448
0.0013908711270159857
0.0013800429300736077
0.0012642432345752362
0.0012354657356343345
0.0011979197332463536
0.0011514775712166358
0.001124241065338598
0.0011155860385377258
0.0011085997905926162
0.001072565491456467
0.0010496052284238255
0.0010629188288035656
0.0010550422053451516
0.0010446348408673556
0.001009163303131997
0.001004977595001842
0.0010036468474017553
0.0009958642464535123
0.0009869338784533966
0.0009751412824837925
0.0009745318161279859
0.0009627170497324409
0.0009618556121476189
0.0009591052701529635
0.0009418706040917036
0.0009531472499915545
0.0009365959287879061
0.0009365505588570292
0.0009426662911545771
0.0009233260879946957
0.00092196231484835
0.000916828398851561
0.0009205861775430068
0.0009170581706522117
0.0009128852467091579
0.000910195510551327
0.000910277285013601
0.0009141795788258834
0.0008925123938086737
0.0008992064703265627
0.0008926119225201901
0.0008967326776950396
0.0009117597606169378
0.0008956935671068897
0.0008817670784403086
0.0009062569815574623
0.000888946185858745
0.0009012604625133038
0.0008732820438174044
0.0008713052968980537
0.0008770818053927266
0.0008717589443371038
0.0008766066522511105
0.0008738596796079211
0.0008817763481117162
0.0008686595435744275
0.0008534979922348107
0.0008737136820677622
0.0008587360045205776
0.0008607410768189756
0.0008580586570801817
0.0008643739039438553
0.0008798041855526978
0.0008611106232639389
0.0008502292652344266
0.0008636771761917733
0.0008419761183721951
0.0008500703687143581
0.0008406442990007353
0.0008430919915807632
0.0008465759859757842
0.0008492568130150619
0.0008515924806925646
0.0008413682244344897
0.000840909943351269
0.0008475204581071911
0.0008882657989440972
0.0008523149133127715
0.0008379956648542257
0.0008512411442709412
0.0008384123917012751
0.0008249310202120223
0.0008396559370761146
0.0008299076157574987
0.0008330930368966692
0.0008246532550794705
0.0008299980589021517
0.0008361386998701769
0.0008318255968713964
0.0008249014583765124
0.0008364226736001774
0.000821478603118122
0.0008292747487051198
0.0008351734697105662
0.0008266748365003434
0.0008268424868847338
0.0008188944058156108
0.0008183253416101991
0.0008202814427589777
0.0008348877125343418
0.0008222352196576028
0.0008253269107446062
0.0008143554564333401
0.0008515020816599892
0.0008241870848300545
0.0008203173384296737
0.0008896524226536345
0.0008350989262318686
0.0008252231412906304
0.0008301508847383931
0.0008230435433095801
0.0008211989535379
0.0008161414650618504
0.0008243890926919274
0.0008198742658724904
0.0008217174837078561
0.000818603282836136
0.0008199663283360168
0.0008157963775976914
0.0008193312974594767
0.0008222290531947936
0.0008145699745818051
0.0008116235995794183
0.0008126201719785506
0.0008195784260950437
0.0008086066565598858
0.0008107041267764135
0.0008029961590014256
0.0008182343887935883
0.0008113233768360896
0.0008154642623800538
0.0008171169789636163
0.0008044469361728907
0.0008033379201614217
0.0008046754498666685
0.0008188954968036246
0.0008020517107513846
0.0008038619352879412
0.0007999277626406013
0.0008011875490176099
0.0007970089371517326
0.0008002392896361818
0.0008072403480845604
0.0008116655230894522
0.0007860931515724492
0.0007962854137970297
0.0007954449596176352
0.0008097604319302346
0.0008048802431273673
0.0007948267263159941
0.0007933165289085189
0.0007983227687334571
0.0007911447417566987
0.0007898852889582625
0.0008031130595054016
0.0008074543850564557
0.0008025981059122688
0.0007931826522010817
0.0007962258497150842
0.0007965079336228394
0.0007910391890593132
0.0008030815883774882
0.0007876034051087403
0.0007837782739677859
0.000785172915224875
0.0007960392625228492
0.000798157139138549
0.0007884895459640096
0.000794953871368291
0.0007851896061195313
0.0007865734117771645
0.0007945679188811444
0.0007949296004976104
0.0007944573715811057
0.0007890897847830483
0.0007936283300074226
0.0007917935434604738
