0.022615907713770866
0.011014094576239586
0.011037156917154789
0.010131162591278553
0.01009206473827362
0.010161707177758217
0.009808216243982315
0.010035975836217403
0.01021658256649971
0.010271908715367317
0.009772181510925293
0.01043594628572464
0.01010639127343893
0.01084319781512022
0.0106000155210495
0.010483874008059502
0.010634848847985268
0.010403054766356945
0.010332643054425716
0.01044301688671112
0.010312016122043133
0.010409548878669739
0.010272100567817688
0.010719488374888897
0.010599165223538876
0.009698820300400257
0.009428680874407291
0.009181017987430096
0.008734391070902348
0.008465050719678402
0.008449399843811989
0.008350342512130737
0.008082568645477295
0.007915042340755463
0.00804617814719677
0.007939533330500126
0.007858099415898323
0.007563900202512741
0.007521789520978928
0.007511099800467491
0.007464111782610416
0.007365555968135595
0.007282253820449114
0.007266916800290346
0.007195127196609974
0.007189807016402483
0.00716495793312788
0.00706513924524188
0.007134855259209871
0.007044473197311163
0.007039256393909454
0.007103183306753635
0.006953909993171692
0.006915215868502855
0.006925235502421856
0.006967564113438129
0.00692197447642684
0.006864406168460846
0.006855127401649952
0.006861777976155281
0.006872622761875391
0.006712658330798149
0.0067484634928405285
0.006724527571350336
0.006737901363521814
0.0068577248603105545
0.006762828212231398
0.006647063884884119
0.006817772518843412
0.0066716172732412815
0.0067861066199839115
0.006533902604132891
0.006539789494127035
0.006595093756914139
0.006541234441101551
0.006568229757249355
0.0065719326958060265
0.006621811538934708
0.006532706320285797
0.0063913678750395775
0.006561035756021738
0.0064490241929888725
0.006465461105108261
0.006424378603696823
0.006478592753410339
0.006611039862036705
0.006453758105635643
0.0063529424369335175
0.006464945152401924
0.006315592210739851
0.006374333053827286
0.006288076750934124
0.006298699416220188
0.006339496932923794
0.006360103376209736
0.006382474675774574
0.006290575955063105
0.006310658063739538
0.0063208783976733685
0.006661183200776577
0.006381161976605654
0.0062993536703288555
0.006389096844941378
0.0062831370159983635
0.0061806016601622105
0.006312280893325806
0.006213134620338678
0.006261654198169708
0.0061811404302716255
0.006225793622434139
0.00628139590844512
0.006230123341083527
0.006174000911414623
0.006275122053921223
0.006148263346403837
0.006199716590344906
0.006265373434871435
0.0062082307413220406
0.006201154552400112
0.006128965876996517
0.006121869198977947
0.006145896855741739
0.006261887028813362
0.006150517612695694
0.006177734583616257
0.006096421740949154
0.006423477083444595
0.006177838891744614
0.006140467245131731
0.00666598929092288
0.006235663313418627
0.006189712323248386
0.006229402031749487
0.006173841655254364
0.006183873396366835
0.006115965079516172
0.006175170186907053
0.00615287572145462
0.0061840093694627285
0.006155062932521105
0.00615936191752553
0.006117015611380339
0.006144233979284763
0.006177466828376055
0.006113195326179266
0.006084290333092213
0.00608817208558321
0.006163707468658686
0.00608650129288435
0.006074057891964912
0.006020170170813799
0.006146824918687344
0.006089058239012957
0.0061127436347305775
0.006135959643870592
0.006044352892786264
0.006044945679605007
0.006053444929420948
0.0061527821235358715
0.006027731578797102
0.00606246804818511
0.006020297296345234
0.006027144845575094
0.00599279161542654
0.006019581574946642
0.006096644792705774
0.00608964404091239
0.005886187311261892
0.005993579048663378
0.005955187138170004
0.006095903925597668
0.0060588764026761055
0.0059816003777086735
0.005974386818706989
0.006008129101246595
0.005937796086072922
0.005941841751337051
0.0060331253334879875
0.006112239323556423
0.006053698714822531
0.005985070485621691
0.005993854720145464
0.005999631714075804
0.005954939406365156
0.006051310803741217
0.005912833847105503
0.005905541125684977
0.0059100245125591755
0.005972499493509531
0.006006182637065649
0.0059315795078873634
0.005989598110318184
0.005916771944612265
0.005916544236242771
0.006016371306031942
0.006004604045301676
0.006007010582834482
0.00594189902767539
0.00598524697124958
0.005942949093878269
