0.020077595487236977
0.011051451787352562
0.010365505702793598
0.010261479765176773
0.0101048294454813
0.009630824439227581
0.010078737512230873
0.009917927905917168
0.010487746447324753
0.01003668736666441
0.01197146624326706
0.011993668042123318
0.011823798529803753
0.01175652164965868
0.011965133249759674
0.011640195734798908
0.011572851799428463
0.011662092059850693
0.011856893077492714
0.011700093746185303
0.011609083041548729
0.011434650979936123
0.011369160376489162
0.011209705844521523
0.010926286689937115
0.010661269538104534
0.010464770719408989
0.01016628835350275
0.010801991447806358
0.009884683415293694
0.009747225791215897
0.009667756035923958
0.009423834271728992
0.009477609768509865
0.009339791722595692
0.009268884547054768
0.009171664714813232
0.00999134499579668
0.009125973097980022
0.008934739045798779
0.008925382979214191
0.008740411140024662
0.008657727390527725
0.008965483866631985
0.008629610762000084
0.008562318980693817
0.00843961164355278
0.008293594233691692
0.008375715464353561
0.00823821872472763
0.008082072250545025
0.00994336511939764
0.008491050451993942
0.008252191357314587
0.008154855109751225
0.008084474131464958
0.00792751181870699
0.007918345741927624
0.00784325785934925
0.007754660677164793
0.007647678256034851
0.007589544169604778
0.007603657431900501
0.00754619250074029
0.007399346679449081
0.007438862696290016
0.007214213255792856
0.007399785798043013
0.007302164565771818
0.007218807004392147
0.0076117259450256824
0.007209691219031811
0.006997428834438324
0.007019140291959047
0.007024052087217569
0.0069893416948616505
0.007075977511703968
0.007046789862215519
0.0070689888671040535
0.006976701784878969
0.007058149669319391
0.007066226098686457
0.0069794063456356525
0.006907830014824867
0.006954619195312262
0.006939867045730352
0.006945682689547539
0.0069534555077552795
0.006898901890963316
0.006897286977618933
0.0068905167281627655
0.0068538072519004345
0.007039413321763277
0.006930009927600622
0.006901280023157597
0.0068761128932237625
0.00682638306170702
0.007228204049170017
0.006825645454227924
0.006821338087320328
0.006823334842920303
0.00677531398832798
0.007010157685726881
0.006921474356204271
0.006756430491805077
0.006782021839171648
0.006810271181166172
0.006808966398239136
0.006825009826570749
0.0068443999625742435
0.006713276728987694
0.006921361666172743
0.006759109906852245
0.006837199907749891
0.006775464862585068
0.006734716240316629
0.006791186984628439
0.006797260604798794
0.006900941487401724
0.006772441323846579
0.006683246232569218
0.006739766336977482
0.006949396803975105
0.0067465826869010925
0.006799197290092707
0.00673190550878644
0.006684635765850544
0.006842389237135649
0.006728289648890495
0.006773303262889385
0.006722769234329462
0.006716107949614525
0.006724338512867689
0.006900246720761061
0.006665960419923067
0.007049630396068096
0.006851397920399904
0.006680952850729227
0.0067019048146903515
0.006606046576052904
0.006643330212682486
0.006653557065874338
0.006938856560736895
0.0067679365165531635
0.006706896238029003
0.006680663209408522
0.006636022124439478
0.006741306744515896
0.007231935393065214
0.006666506640613079
0.006617031525820494
0.006555655039846897
0.006651695817708969
0.006591116543859243
0.006566953845322132
0.006586926989257336
0.006669528316706419
0.006682519800961018
0.006634396035224199
0.006566440686583519
0.006728161592036486
0.006563480943441391
0.006821888964623213
0.006622180808335543
0.006596812047064304
0.00668955547735095
0.006676195189356804
0.006650655530393124
0.006473161745816469
0.006525592412799597
0.006546742748469114
0.006708961445838213
0.006533938460052013
0.006577359978109598
0.006624886300414801
0.006622523535043001
0.006410170346498489
0.0067033166997134686
0.0065767597407102585
0.0065660635009408
0.006490051746368408
0.006480228155851364
0.006580619607120752
0.006681852973997593
0.006522802636027336
0.006670997012406588
0.006532168481498957
0.006599379237741232
0.006457902025431395
0.006437010131776333
0.0067354184575378895
0.006468426901847124
0.006473402492702007
0.006499369163066149
0.006465134210884571
0.00653064576908946
0.006544582080096006
0.006665640510618687
0.006602676585316658
0.0066002593375742435
