0.004310659759893558
0.0016156997137861716
0.001473251607986257
0.001467732796101109
0.0014241506351933626
0.001365377486854121
0.0014237874596292853
0.0013897799513560279
0.0014780422214454585
0.0014364174722508196
0.0016597209328342336
0.0016188322219449632
0.001574574414022279
0.001581216446225834
0.001606287879396194
0.0015761386284940066
0.0015524298005431916
0.0015640806794537897
0.0015936542429266516
0.0015675113105942822
0.0015538728603542186
0.0015332677056848212
0.0015338727367002745
0.0015117412379125306
0.0014752979355510862
0.0014401948344489482
0.0014131476451684736
0.001379899198670012
0.0014510688610027552
0.0013395498057159555
0.0013182734532680039
0.0013088296578187867
0.0012767576566490065
0.001281670844586644
0.0012684280692503887
0.001256605159750334
0.001248752589747789
0.0013452091531669331
0.0012392584368110398
0.0012194806794296063
0.0012142616398056064
0.001195114126153458
0.0011887818141997615
0.001218085063541296
0.0011805658452542218
0.0011727481585788058
0.001155862061028336
0.0011367606382047416
0.0011518034754415308
0.001129234344414001
0.0011164570377744326
0.0013436235164043604
0.0011613676039063316
0.0011287275061664138
0.0011173076960415403
0.0011089826785057927
0.0010888167007315687
0.0010890400769350708
0.0010797889781344707
0.001068610122552369
0.001055522953512722
0.0010477207292064461
0.0010489668544393835
0.001043485631601783
0.0010260713131914148
0.001030849803735463
0.0010075182695139402
0.0010272940886364142
0.0010153559516438574
0.0010038425543621014
0.0010506195197566158
0.0010049653481362668
0.000976640745975718
0.0009798243119856014
0.0009798370902516379
0.0009748142322493938
0.0009841233417219586
0.0009818952602680198
0.000983423941115133
0.0009726123143903839
0.0009838861576693247
0.0009863040824735184
0.0009740531473372647
0.000964851882155248
0.00096796795947049
0.0009660131625166325
0.000969247127844955
0.0009689786236724214
0.0009594575435161243
0.0009652111098923424
0.0009624105599301589
0.0009574926603537568
0.0009805112223700886
0.0009694727280115786
0.0009617653191186955
0.000963011722569279
0.0009541001911664387
0.0010016539058845693
0.0009525668301239275
0.0009519948290550177
0.0009507519818866368
0.0009444065871528707
0.0009729571264668388
0.0009649496941402004
0.0009442701115245988
0.0009461434475120779
0.0009485763693048687
0.0009497142004012355
0.0009513929462130706
0.0009568136035115832
0.0009380328842181221
0.0009625282451522408
0.0009436587868759953
0.0009533459695177362
0.0009435014015024714
0.0009407480524319832
0.0009449616806743326
0.0009454408186260263
0.0009568307171253804
0.0009424182233757001
0.0009307957410069716
0.0009399691593445466
0.0009634586714973248
0.0009421345637811773
0.0009480071886872328
0.0009365750411585261
0.0009317813559818617
0.0009548615608469154
0.000937338865761139
0.0009395282167546044
0.000937761233462967
0.0009344060615362402
0.0009335063621918356
0.0009611851311703527
0.0009291617915115148
0.0009768366013725447
0.0009532892353903095
0.0009306925449069661
0.0009312176712155282
0.0009222195342061831
0.0009257387164179116
0.00092706367447583
0.0009646378111294875
0.0009423684217619719
0.0009332963168528231
0.0009297395863950588
0.000923815170801589
0.0009347343077311154
0.0009968760910921601
0.0009290721297220677
0.0009215754072011187
0.0009133391378191375
0.0009252577897504128
0.0009182969626103651
0.0009138464207657676
0.0009197786594875803
0.0009278688721854383
0.0009288363850456917
0.0009247621582555989
0.0009139216430313059
0.0009328919416817558
0.0009126256614394929
0.0009420991415184866
0.0009169107489437583
0.0009170280635833046
0.000926504874941848
0.0009240316626858386
0.0009237145958243722
0.0009034152075886379
0.0009084115855970758
0.0009104693472240168
0.0009269461430080678
0.0009077082530721135
0.0009121793629025136
0.0009195302008356229
0.0009170602191983755
0.0008939294548034429
0.0009279379763766236
0.0009169306372475011
0.0009132644725503801
0.0009007535713322017
0.000902010823492937
0.0009166311868129543
0.0009256844388970872
0.0009086485052821182
0.0009242161517735223
0.0009068265659105739
0.0009143644827043704
0.0008989758434865648
0.0008957588254778055
0.0009327603938653945
0.0008988684029999666
0.0009015489081774279
0.0009039718477306978
0.0008978422178469083
0.0009058246084330214
0.0009088120618842579
0.0009234109019390472
0.0009148617252974002
0.0009163841577112028
