0.003510972322289303
0.0015804558338918674
0.001469258999838153
0.0014549856607961218
0.0014252995772819435
0.0013623519754767392
0.0013275764109234192
0.001351142682330618
0.0013581124231306907
0.0013492246335274978
0.0013262377907878975
0.0013192477825670487
0.0013420496187464882
0.0013428356821765597
0.0013658951460716448
0.0013536854390742887
0.0013816030434404178
0.0013629547523120451
0.001364664215686202
0.0013667330404829546
0.0013440320720954535
0.0013536031879987634
0.0013501250444877347
0.0013279922222166941
0.0013198974657518212
0.0012987338660369247
0.001287390356875294
0.001249394353697375
0.0012240749130752392
0.0012056561207596718
0.0011710464806930334
0.0011561934388800807
0.0011445820793584119
0.0011425375175225883
0.0011124872137672343
0.0011030644769999378
0.0010988789598193045
0.0010911586344767791
0.001082726270942024
0.0010728294310526668
0.0010630749033168543
0.0010703205858488675
0.0010525078332426436
0.0010570439056554997
0.0010396165928222524
0.001030139103941522
0.0010170007619612529
0.0010167031590697009
0.0010131257060892517
0.0009975803643627293
0.0009924689188554156
0.0009861879070201817
0.0009787319960617802
0.0009885227149685047
0.0009641268761919402
0.0009685336748658897
0.0009567902142746627
0.0009474327598328504
0.0009423603484437895
0.0009564937896319123
0.0009446978174151613
0.000934139943035897
0.0009257884228436556
0.0009251287731687613
0.0009194587584291276
0.000912137995924288
0.0009432112984075324
0.0009173856126769196
0.0009116270624625234
0.0008989184045675779
0.000893982894250552
0.0009097558798516682
0.0008924777398676083
0.0008935249704244557
0.0008826131756191924
0.0008792156813575364
0.0008845506430658729
0.0008771598216581064
0.0008762524622851068
0.0008735557886664772
0.0008703263196404634
0.0008831688668173235
0.000872900956943112
0.0008672060037700245
0.0008670368243190573
0.0008676758990055178
0.0008566639613674934
0.0008533626512092139
0.0008641434950025538
0.0008553186861898763
0.0008490614685106646
0.0008617542486942864
0.0008587969158969183
0.0008648470929825438
0.0008573676702868233
0.0008458357041893131
0.0008512114395528629
0.0008482770458470627
0.000851509907953798
0.0008403672536556002
0.0008616355966366113
0.0008459767641682982
0.0008448800220128266
0.0008437812450229927
0.0008482731289988001
0.0008492660420222325
0.0008444162819839573
0.0008690050431569383
0.0008429297074052515
0.0008411063625678446
0.0008378412864756696
0.0008457802262040381
0.00084011901927729
0.0008437738188815008
0.0008313847842215778
0.0008371037758403305
0.0008403937154261311
0.0008392116761294223
0.000830939186628233
0.0008429722679545291
0.0008329403200730331
0.0008396700004120568
0.0008282180895212752
0.0008321587413708429
0.0008303642277816758
0.0008231452615519512
0.0008384285011784683
0.0008268945543979739
0.0008291190348967962
0.0008297123717475125
0.0008290554143290461
0.0008330477720235218
0.0008392051777612574
0.0008291101972702306
0.0008267972557801422
0.0008304591613330064
0.0008275777855782546
0.0008358392913749552
0.0008214999694873673
0.0008305756004854959
0.0008328704678377247
0.0008269620481075375
0.0008356133064186973
0.0008254725312025575
0.0008170889453834267
0.0008146858836795149
0.0008331266408688827
0.000827271369499242
0.0008244880882557482
0.0008233373462245232
0.0008237863699572959
0.0008209125918233995
0.0008113855796822311
0.000838488981067706
0.0008228838540904082
0.000822333846150375
0.0008126554166158265
0.0008213870561574602
0.0008146820871000428
0.0008126449786842142
0.0008150627655066381
0.000813661544350096
0.0008171169585807944
0.0008125314517400977
0.0008336059819705759
0.0008189238372416225
0.0008164104298349366
0.0008113575108123794
0.0008082430805071526
0.0008083377445184785
0.0008056845440113923
0.000807438226853163
0.0008165510456509343
0.0008074363423040857
0.0008108595103018946
0.0008077935329054317
0.000809562622524071
0.0008110821620076051
0.000803688964733484
0.0007979784077495817
0.0008007978021819469
0.0008003150425463564
0.0007995373383042718
0.0008139808161081974
0.0008113780057906313
0.0008076328932484514
0.0008080419651289448
0.0008100359394370808
0.0007972869089519027
0.0007956989811455915
0.0007977163424603447
0.0007989405327231561
0.0008007131687500141
0.000801928106124289
0.0007983436805961933
0.0008019619648310742
0.0007946947991088655
0.0007911929598066774
0.000782983538610309
0.0008090231754210249
