0.019815918058156967
0.011828073300421238
0.011163361370563507
0.010945655405521393
0.010871745645999908
0.010466549545526505
0.010173406451940536
0.01036323793232441
0.010449360124766827
0.01051305141299963
0.010206823237240314
0.010268869809806347
0.010446041822433472
0.01048099435865879
0.010678240098059177
0.010532732121646404
0.01076880469918251
0.010610600933432579
0.010637258179485798
0.010694575496017933
0.010492602363228798
0.010607837699353695
0.010610424913465977
0.010435076430439949
0.0103334691375494
0.010139917954802513
0.010076136328279972
0.00972256064414978
0.00955018401145935
0.009371467866003513
0.009057710878551006
0.008965594694018364
0.00885816290974617
0.008867133408784866
0.008614744059741497
0.008542888797819614
0.00851287879049778
0.008419252932071686
0.008381657302379608
0.0082755321636796
0.008190256543457508
0.00827988050878048
0.00811324268579483
0.008175400085747242
0.008031153120100498
0.00793863832950592
0.00781665276736021
0.00780508853495121
0.007800107356160879
0.007671013008803129
0.007622609380632639
0.007580640260130167
0.007495409809052944
0.0076185595244169235
0.007389839738607407
0.007430399768054485
0.0073305414989590645
0.007278689183294773
0.0072273677214980125
0.007360080257058144
0.007256938144564629
0.007164857350289822
0.007085629738867283
0.007088731043040752
0.007043276913464069
0.00699261762201786
0.007265743333846331
0.007028864696621895
0.006976542994379997
0.006880226079374552
0.00683075375854969
0.006958098616451025
0.006808419246226549
0.00681908568367362
0.006732570007443428
0.0066915699280798435
0.006757727358490229
0.006692328490316868
0.006681550294160843
0.0066751036792993546
0.0066215707920491695
0.006739730015397072
0.0066560376435518265
0.006619809661060572
0.00659914081916213
0.006611774675548077
0.006518533453345299
0.006496078334748745
0.006610982585698366
0.006511955056339502
0.00647616246715188
0.006558460649102926
0.006557078566402197
0.006594377104192972
0.006526889279484749
0.006428700406104326
0.0064859576523303986
0.006473475135862827
0.00648494902998209
0.006387131754308939
0.006569248158484697
0.006445096805691719
0.006438553798943758
0.006433482747524977
0.006486245431005955
0.006457943003624678
0.006391335744410753
0.006642566062510014
0.006449736189097166
0.006412219721823931
0.006373699754476547
0.006448057945817709
0.0064006829634308815
0.006424988619983196
0.006346018519252539
0.00637041637673974
0.006390349939465523
0.006383707281202078
0.006336627993732691
0.006413460709154606
0.006330316420644522
0.006397095508873463
0.00629465701058507
0.006321160588413477
0.0063113924115896225
0.006263113580644131
0.0063984389416873455
0.006271696649491787
0.006312384735792875
0.006298146676272154
0.006288757082074881
0.006328693125396967
0.006394765339791775
0.006275100167840719
0.006280510686337948
0.00632522301748395
0.006299115717411041
0.006354460027068853
0.0062501924112439156
0.006324934773147106
0.006341842468827963
0.006275152321904898
0.0063646952621638775
0.006268614437431097
0.006198744755238295
0.006186266895383596
0.006306448485702276
0.006280893925577402
0.006266254000365734
0.006259358953684568
0.0062554506585001945
0.0062222531996667385
0.006152335554361343
0.006346451118588448
0.006255899555981159
0.006241072900593281
0.006174422334879637
0.006229127291589975
0.006191073916852474
0.0061699445359408855
0.006178189069032669
0.006176975555717945
0.006180238910019398
0.006160517688840628
0.006323084235191345
0.00620253523811698
0.006185018457472324
0.006151222158223391
0.006136296316981316
0.006126530934125185
0.00610906258225441
0.006125656887888908
0.006180569529533386
0.006128140725195408
0.006140278652310371
0.006138346157968044
0.006138492841273546
0.006141081918030977
0.006113873794674873
0.0060502043925225735
0.006082986481487751
0.006090138573199511
0.006081012077629566
0.006171254441142082
0.006189579609781504
0.006111921742558479
0.006134110037237406
0.006147345062345266
0.006053852383047342
0.006053745746612549
0.0060805571265518665
0.006072635296732187
0.006077404599636793
0.006088190246373415
0.006069178227335215
0.006114486139267683
0.006040094420313835
0.006019365508109331
0.005958388559520245
0.00616208603605628
